eV   W/mA     phot/mAs
        49.9999    1.13701E-11    1.41933E+06
        51.0000    1.32118E-11    1.61689E+06
        52.0001    1.52576E-11    1.83135E+06
        52.9999    1.74936E-11    2.06012E+06
        53.9998    1.99432E-11    2.30511E+06
        54.9999    2.26944E-11    2.57541E+06
        56.0001    2.59651E-11    2.89394E+06
        57.0001    2.96934E-11    3.25143E+06
        57.9999    3.40164E-11    3.66058E+06
        59.0001    3.88687E-11    4.11185E+06
        59.9999    4.40587E-11    4.58322E+06
        61.0001    4.99848E-11    5.11442E+06
        62.0000    5.59722E-11    5.63469E+06
        62.9999    6.17148E-11    6.11419E+06
        64.0000    6.70918E-11    6.54303E+06
        64.9999    7.20882E-11    6.92215E+06
        65.9997    7.69572E-11    7.27775E+06
        67.0002    8.18798E-11    7.62764E+06
        68.0000    8.70938E-11    7.99407E+06
        69.0000    9.29901E-11    8.41158E+06
        69.9996    9.94227E-11    8.86502E+06
        71.0000    1.03783E-10    9.12343E+06
        72.0000    1.06799E-10    9.25819E+06
        72.0000    2.95663E-11    2.56303E+06
        73.0001    3.33619E-11    2.85244E+06
        74.0000    3.75506E-11    3.16720E+06
        75.0002    4.23577E-11    3.52501E+06
        76.0000    4.79997E-11    3.94198E+06
        76.9999    5.44130E-11    4.41064E+06
        77.9997    6.16867E-11    4.93614E+06
        78.9999    6.96353E-11    5.50165E+06
        80.0000    7.81112E-11    6.09415E+06
        80.9999    8.72838E-11    6.72572E+06
        81.9997    9.73418E-11    7.40929E+06
        83.0004    1.07357E-10    8.07308E+06
        83.9999    1.13748E-10    8.45192E+06
        84.9999    1.26120E-10    9.26090E+06
        85.9998    1.42324E-10    1.03293E+07
        87.0001    1.58030E-10    1.13373E+07
        87.9999    1.70279E-10    1.20773E+07
        88.9999    1.89430E-10    1.32846E+07
        89.9999    2.07577E-10    1.43955E+07
        90.9993    2.25983E-10    1.54998E+07
        92.0004    2.42581E-10    1.64572E+07
        92.9998    2.59593E-10    1.74221E+07
        93.9996    2.76056E-10    1.83299E+07
        94.9997    2.91603E-10    1.91584E+07
        96.0007    3.05283E-10    1.98481E+07
        97.0002    3.18582E-10    2.04993E+07
        97.9999    3.28673E-10    2.09328E+07
        99.0004    8.08100E-10    5.09469E+07
        100.000    8.60514E-10    5.37090E+07
        101.000    9.31458E-10    5.75613E+07
        102.000    9.81532E-10    6.00611E+07
        103.001    1.03398E-09    6.26558E+07
        103.999    1.09435E-09    6.56774E+07
        104.999    1.15790E-09    6.88291E+07
        105.999    1.21776E-09    7.17050E+07
        107.001    1.28104E-09    7.47252E+07
        108.001    1.35007E-09    7.80226E+07
        109.000    1.42477E-09    8.15850E+07
        110.000    1.47767E-09    8.38446E+07
        110.000    4.00132E-10    2.27039E+07
        112.000    4.57441E-10    2.54923E+07
        114.000    5.25791E-10    2.87870E+07
        116.000    6.02352E-10    3.24102E+07
        118.000    6.72348E-10    3.55631E+07
        120.000    7.40353E-10    3.85076E+07
        122.000    8.07789E-10    4.13264E+07
        124.000    8.74720E-10    4.40287E+07
        126.000    9.34895E-10    4.63109E+07
        128.001    9.83715E-10    4.79674E+07
        129.999    1.01962E-09    4.89539E+07
        132.000    1.05465E-09    4.98681E+07
        134.000    1.08475E-09    5.05259E+07
        135.999    1.10877E-09    5.08858E+07
        138.000    1.12289E-09    5.07864E+07
        140.000    1.12394E-09    5.01077E+07
        142.000    1.13066E-09    4.96975E+07
        144.000    1.10653E-09    4.79615E+07
        146.000    1.05965E-09    4.53002E+07
        148.000    1.00443E-09    4.23590E+07
        150.001    9.47790E-10    3.94373E+07
        152.000    8.50460E-10    3.49220E+07
        153.999    8.04004E-10    3.25859E+07
        155.999    7.56995E-10    3.02872E+07
        158.002    6.83800E-10    2.70120E+07
        160.000    6.22051E-10    2.42659E+07
        161.999    5.62795E-10    2.16834E+07
        164.001    5.01406E-10    1.90824E+07
        165.999    4.47366E-10    1.68208E+07
        168.001    4.02793E-10    1.49645E+07
        169.999    3.67193E-10    1.34815E+07
        172.000    3.31977E-10    1.20467E+07
        174.002    3.12184E-10    1.11982E+07
        176.000    2.97438E-10    1.05481E+07
        177.999    2.81760E-10    9.87986E+06
        179.999    2.84138E-10    9.85255E+06
        180.000    2.65984E-10    9.22299E+06
        183.998    2.72346E-10    9.23844E+06
        188.002    2.66038E-10    8.83225E+06
        192.002    2.61238E-10    8.49223E+06
        195.998    2.65319E-10    8.44901E+06
        200.000    2.70322E-10    8.43609E+06
        204.000    2.75973E-10    8.44358E+06
        208.001    2.83199E-10    8.49801E+06
        212.001    2.89533E-10    8.52415E+06
        216.000    2.87465E-10    8.30658E+06
        220.000    2.87559E-10    8.15820E+06
        223.999    2.90167E-10    8.08520E+06
        228.000    2.94928E-10    8.07366E+06
        232.000    3.05407E-10    8.21639E+06
        236.001    3.20689E-10    8.48127E+06
        240.000    3.33538E-10    8.67410E+06
        243.999    3.43988E-10    8.79921E+06
        248.000    3.52267E-10    8.86562E+06
        251.996    3.53998E-10    8.76791E+06
        256.002    3.53754E-10    8.62477E+06
        259.997    3.55746E-10    8.54009E+06
        263.999    3.58698E-10    8.48043E+06
        268.001    3.57221E-10    8.31937E+06
        272.001    3.51351E-10    8.06234E+06
        276.003    3.46226E-10    7.82953E+06
        279.998    3.37334E-10    7.51960E+06
        309.999    4.71111E-11        948534.
        314.000    5.87323E-11    1.16745E+06
        318.000    6.15260E-11    1.20760E+06
        321.997    6.16649E-11    1.19530E+06
        326.001    6.58326E-11    1.26041E+06
        330.000    7.83417E-11    1.48173E+06
        333.998    9.42191E-11    1.76070E+06
        338.000    1.09360E-10    2.01945E+06
        342.000    1.20356E-10    2.19651E+06
        345.999    1.31759E-10    2.37682E+06
        350.000    1.44432E-10    2.57563E+06
        353.998    1.56636E-10    2.76173E+06
        358.000    1.69646E-10    2.95767E+06
        362.003    1.85138E-10    3.19207E+06
        366.004    2.06074E-10    3.51420E+06
        369.998    2.31000E-10    3.89675E+06
        373.996    2.59027E-10    4.32283E+06
        377.996    2.85928E-10    4.72127E+06
        382.002    3.12123E-10    5.09976E+06
        386.001    3.41558E-10    5.52288E+06
        390.004    3.76000E-10    6.01740E+06
        394.001    4.11796E-10    6.52341E+06
        397.998    4.20304E-10    6.59131E+06
        400.002    4.37213E-10    6.82214E+06
        401.002    4.35198E-10    6.77376E+06
        401.999    4.58241E-10    7.11474E+06
        402.998    4.68440E-10    7.25506E+06
        403.999    4.71483E-10    7.28408E+06
        405.001    4.69700E-10    7.23861E+06
        405.997    4.68615E-10    7.20416E+06
        407.000    4.75619E-10    7.29382E+06
        408.001    4.88987E-10    7.48041E+06
        408.996    5.02359E-10    7.66629E+06
        409.999    5.15444E-10    7.84671E+06
        410.995    5.28525E-10    8.02637E+06
        412.000    5.42184E-10    8.21370E+06
        412.997    5.55563E-10    8.39605E+06
        413.997    5.68587E-10    8.57213E+06
        415.000    5.80743E-10    8.73425E+06
        416.002    5.93174E-10    8.89973E+06
        417.002    6.05449E-10    9.06211E+06
        418.001    6.17301E-10    9.21740E+06
        419.000    6.28801E-10    9.36675E+06
        420.004    6.40022E-10    9.51109E+06
        421.001    6.51092E-10    9.65270E+06
        422.000    6.61480E-10    9.78350E+06
        422.997    6.71333E-10    9.90581E+06
        424.001    6.80761E-10    1.00212E+07
        425.000    6.89421E-10    1.01248E+07
        425.997    6.97528E-10    1.02198E+07
        426.998    7.05034E-10    1.03056E+07
        428.000    7.11535E-10    1.03763E+07
        428.998    7.17507E-10    1.04390E+07
        429.999    7.23024E-10    1.04948E+07
        430.997    7.27726E-10    1.05386E+07
        431.995    7.31974E-10    1.05756E+07
        432.999    7.35179E-10    1.05973E+07
        433.998    7.37445E-10    1.06055E+07
        434.999    7.38040E-10    1.05896E+07
        435.999    7.37062E-10    1.05514E+07
        436.998    7.34533E-10    1.04911E+07
        438.002    7.29665E-10    1.03977E+07
        438.998    7.22652E-10    1.02744E+07
        440.003    7.12868E-10    1.01121E+07
        441.000    6.99891E-10    9.90561E+06
        441.999    6.82785E-10    9.64167E+06
        443.004    6.59816E-10    9.29618E+06
        443.996    6.31021E-10    8.87062E+06
        444.998    5.95505E-10    8.35250E+06
        446.003    5.53571E-10    7.74685E+06
        447.002    5.11701E-10    7.14490E+06
        447.999    4.83174E-10    6.73157E+06
        448.999    4.74617E-10    6.59762E+06
        449.997    2.63799E-10    3.65891E+06
        449.997    4.60326E-10    6.38477E+06
        454.996    2.81938E-10    3.86755E+06
        459.998    3.86479E-10    5.24396E+06
        464.998    4.34046E-10    5.82606E+06
        470.003    6.32269E-10    8.39635E+06
        475.006    6.42515E-10    8.44256E+06
        479.998    6.98230E-10    9.07922E+06
        484.997    7.09373E-10    9.12904E+06
        489.998    7.25168E-10    9.23706E+06
        495.002    7.39854E-10    9.32886E+06
        500.000    7.65635E-10    9.55744E+06
        505.000    8.06329E-10    9.96576E+06
        510.004    8.50522E-10    1.04088E+07
        514.998    8.86039E-10    1.07383E+07
        520.004    9.06493E-10    1.08805E+07
        520.004    9.06538E-10    1.08810E+07
        521.002    9.08114E-10    1.08790E+07
        522.006    9.07717E-10    1.08534E+07
        522.997    9.05373E-10    1.08048E+07
        524.000    8.99852E-10    1.07184E+07
        524.996    8.90973E-10    1.05925E+07
        525.001    8.90697E-10    1.05891E+07
        525.999    8.76539E-10    1.04010E+07
        527.004    8.53584E-10    1.01093E+07
        528.005    8.14950E-10    9.63347E+06
        528.998    7.35241E-10    8.67492E+06
        530.004    6.36823E-10    7.49946E+06
        530.004    6.37672E-10    7.50945E+06
        530.991    7.33989E-10    8.62765E+06
        532.005    8.19064E-10    9.60929E+06
        533.001    8.52608E-10    9.98414E+06
        534.000    9.08709E-10    1.06212E+07
        534.999    8.96802E-10    1.04624E+07
        535.005    8.95395E-10    1.04459E+07
        535.997    7.89484E-10    9.19329E+06
        537.001    6.72207E-10    7.81300E+06
        537.991    6.64113E-10    7.70471E+06
        538.999    6.76714E-10    7.83622E+06
        539.999    6.96033E-10    8.04502E+06
        540.004    6.96470E-10    8.04998E+06
        541.000    7.24036E-10    8.35318E+06
        541.998    7.62608E-10    8.78199E+06
        542.994    8.08729E-10    9.29604E+06
        544.006    8.49887E-10    9.75096E+06
        544.994    8.82780E-10    1.01100E+07
        545.000    8.82379E-10    1.01053E+07
        546.006    9.13262E-10    1.04397E+07
        547.003    9.43787E-10    1.07690E+07
        547.997    9.77370E-10    1.11319E+07
        548.998    1.01173E-09    1.15023E+07
        550.001    1.04421E-09    1.18499E+07
        550.006    1.04458E-09    1.18540E+07
        550.995    1.07324E-09    1.21573E+07
        551.997    1.09786E-09    1.24137E+07
        552.995    1.11706E-09    1.26079E+07
        553.995    1.13184E-09    1.27518E+07
        554.991    1.14347E-09    1.28596E+07
        554.997    1.14319E-09    1.28564E+07
        556.000    1.15371E-09    1.29512E+07
        556.995    1.16165E-09    1.30171E+07
        558.003    1.16663E-09    1.30493E+07
        559.002    1.17055E-09    1.30697E+07
        559.990    1.17507E-09    1.30971E+07
        559.990    1.17452E-09    1.30909E+07
        565.004    1.23891E-09    1.36860E+07
        569.997    1.33337E-09    1.46005E+07
        575.002    1.43536E-09    1.55805E+07
        580.002    1.54407E-09    1.66160E+07
        585.001    1.62742E-09    1.73633E+07
        589.997    1.69049E-09    1.78835E+07
        594.990    1.75988E-09    1.84613E+07
        600.004    1.83600E-09    1.90989E+07
        605.000    1.90967E-09    1.97012E+07
        609.990    1.97457E-09    2.02041E+07
        615.004    2.03854E-09    2.06886E+07
        620.005    2.10759E-09    2.12169E+07
        625.003    2.17671E-09    2.17374E+07
        629.997    2.24161E-09    2.22081E+07
        635.002    2.30366E-09    2.26430E+07
        639.999    2.36097E-09    2.30250E+07
        645.006    2.45318E-09    2.37387E+07
        649.998    2.58292E-09    2.48021E+07
        654.996    2.68294E-09    2.55660E+07
        659.999    2.75993E-09    2.61002E+07
        665.001    2.83393E-09    2.65985E+07
        669.999    2.91017E-09    2.71102E+07
        675.000    2.99333E-09    2.76783E+07
        679.990    3.06479E-09    2.81312E+07
        684.988    3.10326E-09    2.82765E+07
        690.003    3.14643E-09    2.84615E+07
        695.003    3.20430E-09    2.87764E+07
        699.995    3.18537E-09    2.84024E+07
        699.995    2.20957E-09    1.97016E+07
        705.006    5.56548E-09    4.92719E+07
        710.000    5.72957E-09    5.03678E+07
        714.999    5.90991E-09    5.15900E+07
        719.997    6.07580E-09    5.26699E+07
        725.004    6.26057E-09    5.38969E+07
        729.992    6.43461E-09    5.50166E+07
        735.002    6.61089E-09    5.61386E+07
        739.993    6.78831E-09    5.72563E+07
        745.001    6.96725E-09    5.83706E+07
        750.004    7.13833E-09    5.94050E+07
        755.007    7.30589E-09    6.03965E+07
        760.002    7.46548E-09    6.13102E+07
        765.001    7.64502E-09    6.23744E+07
        769.997    7.85240E-09    6.36507E+07
        774.998    8.08629E-09    6.51237E+07
        779.995    8.30312E-09    6.64415E+07
        784.999    8.48418E-09    6.74575E+07
        789.995    8.65283E-09    6.83634E+07
        794.999    8.82249E-09    6.92650E+07
        800.005    8.99731E-09    7.01955E+07
        804.988    9.17317E-09    7.11246E+07
        810.001    9.32557E-09    7.18587E+07
        814.998    9.46754E-09    7.25054E+07
        820.008    9.60487E-09    7.31077E+07
        824.988    9.73242E-09    7.36314E+07
        829.997    9.85603E-09    7.41165E+07
        835.005    9.97308E-09    7.45469E+07
        839.993    1.00828E-08    7.49195E+07
        845.000    1.01803E-08    7.51958E+07
        850.005    1.02642E-08    7.53691E+07
        854.994    1.03409E-08    7.54889E+07
        859.998    1.04109E-08    7.55577E+07
        864.997    1.04704E-08    7.55503E+07
        870.000    1.05138E-08    7.54277E+07
        874.998    1.05618E-08    7.53393E+07
        880.003    1.05968E-08    7.51591E+07
        885.011    1.06257E-08    7.49374E+07
        889.998    1.06504E-08    7.46907E+07
        894.995    1.06709E-08    7.44168E+07
        900.010    1.06864E-08    7.41092E+07
        905.003    1.06975E-08    7.37770E+07
        909.990    1.07004E-08    7.33930E+07
        915.005    1.06892E-08    7.29138E+07
        919.993    1.06500E-08    7.22528E+07
        919.993    1.40506E-08    9.53235E+07
        929.997    1.36159E-08    9.13805E+07
        939.991    1.33850E-08    8.88759E+07
        949.991    1.31415E-08    8.63409E+07
        960.004    1.29233E-08    8.40215E+07
        970.004    1.27825E-08    8.22495E+07
        979.989    1.25832E-08    8.01416E+07
        989.994    1.24115E-08    7.82493E+07
        1000.00    1.21525E-08    7.58497E+07
        1009.99    1.18736E-08    7.33764E+07
        1020.00    1.15562E-08    7.07140E+07
        1030.00    1.11818E-08    6.77584E+07
        1040.00    1.07955E-08    6.47886E+07
        1050.00    1.03891E-08    6.17560E+07
        1059.99    9.95853E-09    5.86382E+07
        1069.99    9.50824E-09    5.54638E+07
        1080.00    9.03961E-09    5.22414E+07
        1090.00    8.56443E-09    4.90413E+07
        1100.01    8.07240E-09    4.58033E+07
        1109.99    7.62755E-09    4.28899E+07
        1120.01    7.20137E-09    4.01313E+07
        1129.99    6.78045E-09    3.74519E+07
        1140.00    6.38478E-09    3.49566E+07
        1150.01    6.00434E-09    3.25876E+07
        1160.02    5.64044E-09    3.03486E+07
        1170.00    5.29372E-09    2.82401E+07
        1180.00    4.96267E-09    2.62496E+07
        1190.00    4.63903E-09    2.43316E+07
        1200.01    4.32086E-09    2.24737E+07
        1210.00    4.01611E-09    2.07162E+07
        1220.01    3.71863E-09    1.90244E+07
        1229.99    3.43397E-09    1.74255E+07
        1239.99    3.15986E-09    1.59052E+07
        1249.99    2.90324E-09    1.44966E+07
        1260.02    2.66652E-09    1.32086E+07
        1269.99    2.45440E-09    1.20625E+07
        1280.01    2.26725E-09    1.10554E+07
        1289.99    2.10689E-09    1.01941E+07
        1299.99    1.97152E-09    9.46563E+06
        1310.01    1.85974E-09    8.86068E+06
        1320.01    1.77102E-09    8.37404E+06
        1329.98    1.69862E-09    7.97152E+06
        1339.99    1.63825E-09    7.63077E+06
        1350.01    1.58504E-09    7.32810E+06
        1360.01    1.53537E-09    7.04629E+06
        1369.98    1.48527E-09    6.76675E+06
        1380.00    1.43191E-09    6.47630E+06
        1390.00    1.37279E-09    6.16423E+06
        1399.98    1.30814E-09    5.83204E+06
        1409.99    1.23627E-09    5.47250E+06
        1420.01    1.15940E-09    5.09601E+06
        1430.00    1.07815E-09    4.70577E+06
        1440.02    9.94308E-10    4.30965E+06
        1449.98    9.10261E-10    3.91827E+06
        1460.00    8.28048E-10    3.53992E+06
        1469.98    7.49606E-10    3.18282E+06
        1479.99    6.76933E-10    2.85480E+06
        1490.00    6.12161E-10    2.56430E+06
        1500.03    5.55572E-10    2.31169E+06
        1500.03    4.33090E-10    1.80205E+06
        1510.02    3.98757E-10    1.64822E+06
        1519.97    3.71887E-10    1.52709E+06
        1529.98    3.51671E-10    1.43463E+06
        1539.99    3.37822E-10    1.36918E+06
        1550.03    3.29692E-10    1.32758E+06
        1559.99    3.25723E-10    1.30322E+06
        1570.02    3.24589E-10    1.29038E+06
        1580.00    3.27322E-10    1.29303E+06
        1590.02    3.30791E-10    1.29849E+06
        1599.99    3.34038E-10    1.30307E+06
        1610.02    3.36269E-10    1.30361E+06
        1620.00    3.36578E-10    1.29676E+06
        1629.99    3.34510E-10    1.28089E+06
        1640.00    3.29851E-10    1.25535E+06
        1650.01    3.22496E-10    1.21991E+06
        1659.97    3.12121E-10    1.17358E+06
        1670.01    2.98843E-10    1.11690E+06
        1679.97    2.83803E-10    1.05440E+06
        1689.99    2.66799E-10        985350.9
        1700.01    2.48840E-10        913606.9
        1709.99    2.30380E-10        840894.9
        1720.01    2.11790E-10        768538.9
        1730.02    1.94177E-10        700546.9
        1739.99    1.77730E-10        637535.9
        1750.00    1.62593E-10        579902.9
        1760.02    1.49728E-10        530977.9
        1769.97    1.39146E-10        490676.9
        1780.01    1.30805E-10        458661.9
        1790.01    1.24791E-10        435131.0
        1799.98    1.21332E-10        420725.0
        1809.99    1.19988E-10        413762.0
        1820.01    1.21406E-10        416345.0
        1830.03    1.27493E-10        434829.0
        1840.03    1.11432E-10        377985.0
        1849.98    1.19447E-10        402992.0
        1860.01    1.18769E-10        398545.0
        1870.00    1.13180E-10        377761.0
        1879.98    1.08084E-10        358836.0
        1889.99    1.06209E-10        350746.0
        1899.99    9.59217E-11        315104.0
